88.5016055227592
29.094890826899263
30.520374012395287
36.93476609915795
84.53517662988547
35.902100519835685
74.44023841026755
73.44801808098757
63.06243156715749
11.342283915289643
27.59988393105839
7.3181068096896045
53.234176066084444
9.871852383836783
21.49426714659769
29.6590723001989
72.18870710022878
20.018927365359765
77.42331705823092
40.38937641729107
71.92255590405884
37.74439214488699
32.97180850740568
27.92539846489678
85.80149165795424
56.06971818528605
59.508501335874925
29.211563718798455
78.13166464958059
16.982069345687947
44.6005190243133
33.835322398068854
71.90511759465608
83.03242292802493
51.29262541879459
20.114905308963714
38.99696864038696
56.66644432419633
50.223539550601096
26.906181802030435
40.72345346979939
38.17068141823417
99.54265925935185
69.45203723415914
46.77049591910795
93.17812733041525
43.550458779978335
97.89365964969376
93.07195049552567
43.957497847203925
18.91463591240055
83.07771482506372
14.25461423994916
21.20955461850764
93.21143615426557
92.0268326692972
41.77404256604476
94.81163919563218
5.407887301991032
82.89291970814303
85.84072571637856
72.88805379858051
14.735574135514213
96.38379246239685
80.68053566827442
3.7392137913883308
6.210328535416516
82.54319106711685
33.586477213233955
14.536548150863082
8.824650839900253
25.372672085072118
40.60053580423712
22.28283299712761
69.1809078472
66.11105104914303
90.51507710418188
12.349247023375316
96.04329046958969
48.03290981588596
43.202546061351114
96.93064875030186
58.965262913246896
93.39235474844425
55.07030495861769
4.009632922613392
63.79665524843578